% ========================================================
% ========================================================
% HCC INIT-FILE                                         ==   
% Feb, 2010                                             ==
% ========================================================
% ========================================================
control_switch      = 1;

% FIXED PARAMETERS
% INDIVIDUAL ACTUATOR CONSTRAINTS:
umin_b      =    -4000.0;    % friction brake torque limit -800
umax_m      =    4000.0;     % max electric motor torque
umin_m      =    -500.0;     % min electric motor torque   -500
umin_br     =    umin_m + umin_b;
% TIRE LONG. FORCE ADJUSTMENT WEIGHTS (P2):
 wxd1        =   80;
 wxd2        =   80;
 wxd3        =   80;
 wxd4        =   80;
% geneic
% wxd1        =   144.5850;
% wxd2        =   181.5840;
% wxd3        =   114.5150;
% wxd4        =   155.3150;

swa_gain    = 45.0;
pbk_gain    = 1.0;
    
% TIRE SATAB. COMPONENT (P3):
gamma       =   0.006;
n           =   6;

% gamma       =   0.006;
% n           =   6;

% CG FORCE ERROR COMPONENT (P1)WEIGHTS:
Q_gain      =   50.0;
% Q_gain      =   6;
wFx         =   0.4;
wFy         =   0.02;
wGz         =   1500.89459504;

% 
kx1         =   0.05890269; % fixed
ky1         =   0.04086363;
kz1         =   0.27516026;
% 
% % gamma0      = 0.0032118812622846946;
% gamma0      = 29.08;
% kx          = 2.0409343160955693E-27;
% ky          = 3.172436959501173E-5;
% kz          = 24442.908012685853;
% Qgain       = 1.0;
% wy          = 6.622408085067914E-27;
% wz          = 10.0;
% wx          =1.0;
% 
% % gamma       =   gamma0;
% wFx         =   wx;
% wFy         =   wy;
% wGz         =   wz;
% Q_gain      =   Qgain;
% kx1         =   kx;
% ky1         =   ky;
% kz1         =   kz;
% ====================== TARGETS =========================
 
Qf=[0.0, 0.0
0.035, 0.0
0.5, 103.173523
1.0, 231.509905
1.5, 367.519249
2.0, 508.686472
2.5, 653.791357
3.0, 802.101227
3.5, 953.123825
4.0, 1106.504166
4.5, 1261.973398
5.0, 1419.320427
5.5, 1578.374858
6.0, 1738.996093
6.5, 1901.066033
7.0, 2064.483998
7.5, 2229.163084
8.0, 2395.02747
8.5, 2562.010397
9.0, 2730.052606
9.5, 2899.101127
10.0, 3069.108308
10.5, 3240.031041
11.0, 3411.830132
11.5, 3584.469784
12.0, 3757.917163];

Qr=[0.0, 0.0
0.055, 0.0
0.5, 39.408714
1.0, 99.96616
1.5, 168.97247
2.0, 243.962979
2.5, 323.692003
3.0, 407.388462
3.5, 494.521501
4.0, 584.700407
4.5, 677.624027
5.0, 773.052229
5.5, 870.788489
6.0, 970.668626
6.5, 1072.553158
7.0, 1176.321936
7.5, 1281.870244
8.0, 1389.105904
8.5, 1497.947067
9.0, 1608.320513
9.5, 1720.160299
10.0, 1833.406691
10.5, 1948.00529
11.0, 2063.906322
11.5, 2181.064052
12.0, 2299.43629];

